1
0
1
start


















4186.81
4761.24
4690.85
4871.13
4524.48
4589.41
3779.22
4131.87
4993.01
3394.61
3951.05
3792.21
5209.79
5298.7
5114.88
5285.71
5250.75
5256.74
5573.43
5511.49
5564.44
5585.41
4480.52
5231.77
5093.91
5115.88
5358.64
5265.73
5472.53
5343.66
5387.61
5533.47
5411.59
5581.42
5549.45
5252.75
5563.44
5616.38
5005.99
5502.5
5088.91
4545.91
3760.24
5453.55
5224.77
5268.73
5615.38
4993.01
5479.52
5421.58
5353.65
5375.62
5147.85
5363.64
5313.69
5517.48
5388.61
5284.71
5426.57
4322.68
3652.35
3876.12
3962.08
3879.12
4090.91
3122.88
2615.38
3307.69
3366.63
2905.09
3696.3
4485.51
4742.26
4638.36
4323.68
3888.11
3228.77
3935.06
4046.95
4712.29
4716.28
4946.05
4465.53
3872.13
3741.26
4708.29
4762.24
4857.14
4926.07
4726.27
5132.87
4646.35
4915.08
4760.24
4904.1
4732.27
4782.22
5125.87
4745.25
4598.4
4420.58
4738.26
